Таблица памяти
0       0       0       0       0       0       0       0       0
0       0       0       25      25      25      25      25      25
0       0       15      25      25      40      40      40      40
0       0       15      25      30      40      40      55      55
0       0       20      25      35      45      50      60      60
0       5       20      25      35      45      50      60      65
0       15      20      35      40      50      60      65      75
0       15      20      35      40      50      60      65      75
0       25      40      45      60      65      75      85      90
0       25      40      55      60      75      80      90      100
0       25      40      55      60      75      80      95      100
0       25      40      55      60      75      80      95      100
0       25      40      55      65      75      85      95      105

[а], [а], [н], [о]
[ф], [к], [к], [д]
Итоговые очки выживания: 20

Дополнительное задание:
Построим таблицу памяти для вместителньости рюкзака 7. Получим следующее:
0       0       0       0       0       0       0       0
0       0       0       25      25      25      25      25
0       0       15      25      25      40      40      40
0       0       15      25      30      40      40      55
0       0       20      25      35      45      50      60
0       5       20      25      35      45      50      60
0       15      20      35      40      50      60      65
0       15      20      35      40      50      60      65
0       25      40      45      60      65      75      85
0       25      40      55      60      75      80      90
0       25      40      55      60      75      80      95
0       25      40      55      60      75      80      95
0       25      40      55      65      75      85      95 

Итоговые очки выживания 0
Значит, для рюкзака размера 7 ячеек нельзя упаковать предметы так, чтобы Том выжил
